5, 
1.0,
5, 
1.0,
5, 
1.0,
5, 
1.0,
5, 
1.0,
6, 
0.999,
6, 
0.864,
6, 
0.999,
6, 
1.0,
6, 
1.0,
7, 
0.962,
7, 
0.94,
7, 
0.977,
7, 
0.838,
7, 
0.991,
8, 
0.444,
8, 
0.856,
8, 
0.831,
8, 
0.906,
8, 
0.746,
9, 
0.824,
9, 
0.777,
9, 
0.883,
9, 
0.945,
9, 
0.694,
10,
 0.607,
10,
 0.484,
10,
 0.746,
10,
 0.618,
10,
 0.712,
11,
 0.552,
11,
 0.35,
11,
 0.696,
11,
 0.436,
11,
 0.565,
12,
 0.413,
12,
 0.423,
12,
 0.246,
12,
 0.67,
12,
 0.532,
13,
 0.248,
13,
 0.14,
13,
 0.34,
13,
 0.409,
13,
 0.255,
14,
 0.215,
14,
 0.108,
14,
 0.33,
14,
 0.207,
14,
 0.097,
15,
 0.198,
15,
 0.096,
15,
 0.195,
15,
 0.114,
15,
 0.129,
16,
 0.066,
16,
 0.081,
16,
 0.056,
16,
 0.184,
16,
 0.117,
17,
 0.06,
17,
 0.025,
17,
 0.136,
17,
 0.075,
17,
 0.075,
18,
 0.038,
18,
 0.02,
18,
 0.05,
18,
 0.095,
18,
 0.058,
19,
 0.012,
19,
 0.032,
19,
 0.046,
19,
 0.017,
19,
 0.027,
20,
 0.012,
20,
 0.003,
20,
 0.01,
20,
 0.015,
20,
 0.01,
21,
 0.004,
21,
 0.011,
21,
 0.004,
21,
 0.027,
21,
 0.018,
22,
 0.002,
22,
 0.009,
22,
 0.005,
22,
 0.011,
22,
 0.015,
23,
 0.003,
23,
 0.008,
23,
 0.002,
23,
 0.002,
23,
 0.005,
24,
 0.0,
24,
 0.004,
24,
 0.003,
24,
 0.001,
24,
 0.002,
25,
 0.001,
25,
 0.0,
25,
 0.0,
25,
 0.005,
25,
 0.001,
26,
 0.0,
26,
 0.0,
26,
 0.0,
26,
 0.001,
26,
 0.0,
27,
 0.0,
27,
 0.0,
27,
 0.0,
27,
 0.0,
27,
 0.0,
28,
 0.0,
28,
 0.0,
28,
 0.0,
28,
 0.0,
28,
 0.0,
29,
 0.0,
29,
 0.0,
29,
 0.0,
29,
 0.0,
29,
 0.0,
30,
 0.0,
30,
 0.0,
30,
 0.0,
30,
 0.0,
30,
 0.001,
